;;名称=类型，防，体，灵，速，命，攻，智，运（等级），标志，价格；描述。买入价，卖出随机打折，在3-8之间
;;类型，1=装备，2=食物药品，4=投掷攻击类，8=冶炼类，16=武器,32=炼药，64=特殊物品,128=技能书籍,256=消耗增强类
;;这里给出了部分例子，您可以删除全部重新写过，但要注意保留[GOODS]这行，否则无法识别
[GOODS]
1=布衣,1,2,0,0,0,0,0,0,0,302,2,普通的粗布衣服。
2=草帽,1,1,0,0,0,0,0,0,0,301,2,普通的草帽。
3=草鞋,1,0,0,0,1,0,0,0,0,304,2,普通的草鞋。
4=皮靴,1,2,2,0,5,0,0,0,0,304,30,精品皮靴

5=铁护腕,1,3,0,0,0,0,0,0,0,305,50,护腕

6=珍珠项链,1,3,0,8,2,0,0,0,0,307,50,项链

7=幸运符,9,0,0,3,0,0,0,2,10,309,50,幸运符
8=皮腰带,1,3,0,3,0,0,0,2,10,309,350,无

9=黄铜戒指,9,2,0,2,0,5,2,2,5,306,20,黄铜戒指
10=玉戒指,9,3,0,2,5,5,0,2,5,206,120,玉戒指，女

11=木剑,16,0,0,0,0,0,5,0,0,308,2,木剑
12=青铜剑,16,0,0,0,0,0,15,0,0,308,100,青铜剑

;;药品恢复类
13=一年生草药,2,0,5,0,0,100,0,0,0,0,10,一年生草药,一种常见的草药，可以回复少量体力和生命值
14=忘忧草,2,0,5,50,0,150,0,0,0,0,10,忘忧草
15=百年灵芝,2,0,200,350,0,400,0,0,0,0,30,百年灵芝
16=百年人参,2,0,100,0,0,900,0,0,0,0,30,百年人参
;;还魂丹，8个9，起死回生，命，体，灵，恢复一半
17=还魂丹,2,0,99999999,99999999,0,99999999,0,0,0,0,1000,还魂丹，起死回生，命，体，灵，恢复一半
18=冰蚕,2,0,0,300,0,0,0,0,0,0,50,冰蚕
19=冰蚕精,2,0,0,2000,0,0,0,0,0,0,500,冰蚕精

;;九阳丹，9个9，起死回生，命，体，灵，全满，不起死回生，7个9，全满，6个9，半满
20=九阳丹,34,0,999999999,999999999,0,999999999,0,0,0,0,20000,九阳丹起死回生，命，体，灵，全满
21=冰蚕王,34,0,0,9999999,0,0,0,0,0,0,10000,冰蚕王

22=干粮,2,0,100,0,0,0,0,0,0,0,10,干粮
23=蜂蜜,34,0,150,0,0,0,0,0,0,0,20,蜂蜜
;;特殊物品，时间加速，显示单词解释不延迟。"价格"为负的表示不能出售
24=时间加速丸,64,0,0,0,0,0,0,0,0,2,100,立即显示单词解释，关闭3秒延迟20次
25=回城卷,64,0,0,0,0,0,0,0,0,3,100,回城卷，立即离开野外回到最近的城镇。
26=太湖珍珠发簪,64,0,0,0,0,0,0,0,0,4,600,小礼品，可以送给MM
27=存储卡,64,0,0,0,0,0,0,0,0,6,2000,可在迷宫内随时存盘，容量不大，一块卡只能存一次。高科技产品，在古代价格奇高。
28=香烛,64,0,0,0,0,0,0,0,0,7,200,进庙里拜神用。
29=水晶小熊摆件,64,0,0,0,0,0,0,0,0,8,120,小礼品，浙江浦江产的水晶摆件，做工精细，可以送给MM。
30=玫瑰花,64,0,0,0,0,0,0,0,0,6,11,小礼品，美眉喜欢的东西。
31=金猪,64,0,0,0,0,0,0,0,0,13,999,黄金做的小猪，极富收藏价值。现在金价看涨，增值潜力巨大。
32=小号钥匙,64,0,0,0,0,0,0,0,0,22,5,开小宝箱用的钥匙
33=中号钥匙,64,0,0,0,0,0,0,0,0,22,10,开宝箱用的钥匙
34=大号钥匙,64,0,0,0,0,0,0,0,0,22,20,开大宝箱用的钥匙
35=翠红院贵宾金卡,64,0,0,0,0,0,0,0,0,23,1,以后去翠红院消费可获特优价
36=虎跑泉水,64,0,0,0,0,0,0,0,0,32,0,优质矿泉水
37=皇宫令牌,64,0,0,0,0,0,0,0,0,33,0,进入皇宫所用

;;攻击消耗类，标志属性用来做标记，表示中毒以及持续时间，1表示中毒有效时间10秒，
;;2,20秒，每10秒一降，涉及速智运攻等的恢复，要删除其定时器内的项
;;0表示按实际数值加减，1表示10秒，2，20秒。;每10秒作用一次
;;涉及速,运，智，防，攻等固定数值的东西，都是一次作用，且时间到后后恢复原先的数值。
;;涉及体，灵，命等数值的，都是持续减低，作用时间结束后不可恢复。
;;类型4的表示投掷攻击，类型256的表示恢复
38=软骨粉,4,0,0,0,20,0,150,0,0,10,10,软骨粉，使敌人在100秒内攻击力下降
39=迟钝剂,4,0,0,0,999999,0,0,0,0,5,30,迟钝剂，速度减半，50秒内
40=僵化剂,4,0,0,0,9999999,0,0,0,0,2,60,僵化剂，20秒内速度为零
41=五毒丸,4,0,100,0,50,100,20,5,50,10,50,五毒丸，使中毒，100秒
42=五毒散,256,0,500,500,0,500,0,0,0,0,60,五毒散，解各种毒，增加命体灵
43=大力丸,256,0,0,0,0,0,200,0,0,18,30,大力丸，180秒内增加攻击力200
44=仙露饮,256,0,200,0,0,200,0,0,0,15,300,仙露饮，150秒内持续增加生命力和体力
45=铁蒺藜,4,0,0,0,0,100,0,0,0,0,50,一种常见暗器，伤害值50
46=飞蚊针,4,5,5,50,0,150,5,0,0,0,130,细如牛毛的暗器，命-150，灵-50，攻-5，防-5
47=迷踪蛊,4,0,0,0,0,0,0,0,0,0,800,可在战斗中迅速逃跑
48=鬼见愁,4,0,0,2000,0,5000,0,0,0,0,2200,很厉害的暗器，命-5000，灵-2000
49=吸灵蛊,4,0,0,1000,0,50,0,0,0,0,900,很厉害的暗器，命-50，灵-1000
50=备用

;;冶炼
51=陨铁矿,8,0,0,0,0,0,0,0,0,0,100000,陨铁矿
52=上古神石,8,0,0,0,0,0,0,0,0,0,500000,上古神石，人间十分罕见，冶炼上等兵器用
53=赤铁矿,8,0,0,0,0,0,0,0,0,0,50,赤铁矿
54=上等木炭,8,0,0,0,0,0,0,0,0,0,1,上等木炭
55=石灰石,8,0,0,0,0,0,0,0,0,0,2,可铸剑用
56=金块,8,0,0,0,0,0,0,0,0,0,5000,高纯度的天然金块，可卖钱，也可用于铸剑
57=银块,8,0,0,0,0,0,0,0,0,0,900,自然存在的白银，成色不错。
58=铜块,8,0,0,0,0,0,0,0,0,0,100,有色金属，可出售或用于铸剑
59=锡块,8,0,0,0,0,0,0,0,0,0,50,常见的一种金属原料。
60=硝石,8,0,0,0,0,0,0,0,0,0,50,可铸剑用
61=龙精甲,8,0,0,0,0,0,0,0,0,0,12000,合成装备用
62=天蚕丝,8,0,0,0,0,0,0,0,0,0,9999,合成装备用
63=茯苓根,8,0,0,0,0,0,0,0,0,0,9,合成药材用
64=牛黄,8,0,0,0,0,0,0,0,0,0,299,合成药材用

;;书籍，灵速命都为零的，最后一位为3的，表示技能,单/全位为3，表示特殊技能，这里是偷窃术
65=妙手道,128,3,0,100,0,10,0,3,1,1,1,妙手空空，一种可从敌人处偷取物品或金钱的技术，为某知名神偷所创
66=武器制造,128,3,0,0,0,0,0,0,0,12,3,武器制造，只有学会此技能后才能铸造出上等好剑，需12级以上，男女
67=装备制造,128,3,0,0,0,0,0,0,0,10,3,装备制造技术，需10级以上，男女
68=药王神录,128,0,0,0,0,0,0,0,0,5,3,记录炼药工艺流程的书籍，需5级以上，女
69=暗器制造,128,1,0,0,0,0,0,0,0,10,3,制造投掷类暗器。需10级以上，男
70=备用
71=备用
;;术法类书籍，"标志"表示需要的等级，"运"为1表示单体恢复或攻击，为0，表示全体。
;;防为3表示男女可学，1，男可学，0女可学，价格值为0表示恢复术，价格值为1表示攻击术，攻击术都消耗灵力
;;法术的“智”字段改为 防，攻击类法术表示能减少对方的防
72=恢复术,128,3,0,20,0,150,0,0,1,1,0,初级法术，消耗20灵力，恢复150点生命，需1级以上
73=云上于天,128,3,0,800,0,9999999,0,0,1,35,0,云上于天，单体恢复生命值，全满，消耗灵力800点，需35级以上
74=天玄地黄术,128,3,0,1000,0,999999,0,0,0,40,0,天玄地黄，恢复术，可全体回复生命一半，消耗灵力1000点，需40级以上
75=坤厚载物术,128,3,0,1200,0,9999999,0,0,0,50,0,坤厚载物术，全体生命补满，消耗灵力2400点，需50级以上
76=九转还魂术,128,3,0,800,0,99999999,0,0,1,25,0,九转还魂，起死回生并命值恢复一半，消耗灵力800点，需25级以上
77=飞蝗术,128,3,0,40,0,120,0,0,1,3,1,单体攻击，消耗灵力40，造成伤害120，需3级以上
78=百剑幻影,128,3,0,200,0,200,0,0,0,22,1,全体攻击，消耗灵力200，造成伤害200，需22级以上
